image: map1.pgm
resolution: 0.010000
origin: [ 3.200000, -8.400000, 0.000000]
negate: 0
occupied_thresh: 0.65
free_thresh: 0.196

